> Drosophila-5-prime,0.0,5
a,c,g,t
0.33,0.24,0.14,0.29
0.34,0.21,0.23,0.22
0.37,0.29,0.15,0.19
0.52,0.15,0.11,0.21
0.09,0.08,0.71,0.12
0.00,0.00,1.00,0.00
0.00,0.00,0.00,1.00
0.60,0.01,0.35,0.04
0.71,0.09,0.09,0.11
0.09,0.02,0.82,0.06
0.11,0.14,0.06,0.68
0.39,0.13,0.19,0.29
0.27,0.21,0.20,0.32

> Drosophila-3-prime,0.0,14
a,c,g,t
0.21,0.21,0.08,0.49
0.21,0.23,0.10,0.45
0.22,0.16,0.09,0.53
0.20,0.24,0.09,0.47
0.19,0.24,0.10,0.47
0.19,0.37,0.06,0.40
0.24,0.28,0.11,0.37
0.19,0.36,0.06,0.40
0.10,0.28,0.05,0.57
0.11,0.20,0.04,0.64
0.28,0.23,0.23,0.25
0.05,0.68,0.00,0.27
1.00,0.00,0.00,0.00
0.00,0.00,1.00,0.00
0.33,0.15,0.34,0.18
0.17,0.21,0.19,0.43
0.18,0.32,0.25,0.25
